arithmetic_mean0 = 690.230000
variance0 = 137.557100
standard_deviation0 = 11.728474
arithmetic_mean1 = 690.520000
variance1 = 38.149600
standard_deviation1 = 6.176536
arithmetic_mean2 = 689.410000
variance2 = 40.381900
standard_deviation2 = 6.354675
arithmetic_mean3 = 689.480000
variance3 = 3.129600
standard_deviation3 = 1.769068
arithmetic_mean4 = 690.410000
variance4 = 2.881900
standard_deviation4 = 1.697616
arithmetic_mean5 = 690.290000
variance5 = 1.725900
standard_deviation5 = 1.313735

