arithmetic_mean0 = 693.429100
variance0 = 1.665773
standard_deviation0 = 1.290648
arithmetic_mean1 = 693.681200
variance1 = 1.770967
standard_deviation1 = 1.330777
arithmetic_mean2 = 693.723700
variance2 = 1.754758
standard_deviation2 = 1.324673
arithmetic_mean3 = 693.995100
variance3 = 3.106876
standard_deviation3 = 1.762633
arithmetic_mean4 = 693.798200
variance4 = 1.987877
standard_deviation4 = 1.409921
arithmetic_mean5 = 693.294400
variance5 = 1.895529
standard_deviation5 = 1.376782
arithmetic_mean6 = 693.649000
variance6 = 1.865199
standard_deviation6 = 1.365723
arithmetic_mean7 = 693.647600
variance7 = 1.965014
standard_deviation7 = 1.401790
arithmetic_mean8 = 693.529800
variance8 = 2.898512
standard_deviation8 = 1.702502
arithmetic_mean9 = 693.928600
variance9 = 2.581302
standard_deviation9 = 1.606643
arithmetic_mean10 = 694.050500
variance10 = 2.828750
standard_deviation10 = 1.681889
arithmetic_mean11 = 693.492200
variance11 = 1.403339
standard_deviation11 = 1.184626
arithmetic_mean12 = 693.543400
variance12 = 1.631317
standard_deviation12 = 1.277230
arithmetic_mean13 = 693.402800
variance13 = 1.745152
standard_deviation13 = 1.321042
arithmetic_mean14 = 693.671700
variance14 = 1.719519
standard_deviation14 = 1.311304
arithmetic_mean15 = 694.028900
variance15 = 3.119465
standard_deviation15 = 1.766201

