arithmetic_mean0 = 689.151000
variance0 = 2.664199
standard_deviation0 = 1.632237
arithmetic_mean1 = 689.855000
variance1 = 2.899975
standard_deviation1 = 1.702931
arithmetic_mean2 = 689.846000
variance2 = 1.752284
standard_deviation2 = 1.323739
arithmetic_mean3 = 689.702000
variance3 = 1.597196
standard_deviation3 = 1.263802
arithmetic_mean4 = 689.756000
variance4 = 2.574464
standard_deviation4 = 1.604514
arithmetic_mean5 = 689.733000
variance5 = 2.657711
standard_deviation5 = 1.630249

