arithmetic_mean0 = 691.868000
variance0 = 1.339176
standard_deviation0 = 1.157228
arithmetic_mean1 = 692.057700
variance1 = 1.340171
standard_deviation1 = 1.157657
arithmetic_mean2 = 692.042400
variance2 = 1.376802
standard_deviation2 = 1.173372
arithmetic_mean3 = 692.434700
variance3 = 2.608936
standard_deviation3 = 1.615220
arithmetic_mean4 = 692.224200
variance4 = 1.367734
standard_deviation4 = 1.169502
arithmetic_mean5 = 691.718300
variance5 = 1.308545
standard_deviation5 = 1.143917
arithmetic_mean6 = 692.014600
variance6 = 1.290987
standard_deviation6 = 1.136216
arithmetic_mean7 = 692.012700
variance7 = 1.360739
standard_deviation7 = 1.166507
arithmetic_mean8 = 691.972200
variance8 = 2.597227
standard_deviation8 = 1.611592
arithmetic_mean9 = 692.389100
variance9 = 2.436501
standard_deviation9 = 1.560930
arithmetic_mean10 = 692.395700
variance10 = 2.532522
standard_deviation10 = 1.591390
arithmetic_mean11 = 691.912100
variance11 = 1.218974
standard_deviation11 = 1.104071
arithmetic_mean12 = 691.986600
variance12 = 1.319420
standard_deviation12 = 1.148660
arithmetic_mean13 = 691.846500
variance13 = 1.250738
standard_deviation13 = 1.118364
arithmetic_mean14 = 692.091700
variance14 = 1.274291
standard_deviation14 = 1.128845
arithmetic_mean15 = 692.491300
variance15 = 2.570124
standard_deviation15 = 1.603161

